14
3 2.000000000000000,2 1.000000000000000,0 0.000000000000000,
3 1.000000000000000,2 1.000000000000000,1 0.000000000000000,
3 2.000000000000000,2 0.000000000000000,
3 0.000000000000000,
3 3.000000000000000,2 1.000000000000000,4 0.000000000000000,
3 1.000000000000000,5 0.000000000000000,
3 1.000000000000000,6 0.000000000000000,
3 4.000000000000000,2 2.000000000000000,4 1.000000000000000,7 0.000000000000000,
3 4.000000000000000,2 2.000000000000000,4 1.000000000000000,8 0.000000000000000,
3 2.000000000000000,5 1.000000000000000,9 0.000000000000000,
3 2.000000000000000,6 1.000000000000000,10 0.000000000000000,
3 5.000000000000000,2 3.000000000000000,4 2.000000000000000,7 1.000000000000000,11 0.000000000000000,
3 5.000000000000000,2 3.000000000000000,4 2.000000000000000,7 1.000000000000000,12 0.000000000000000,
3 1.000000000000000,2 2.000000000000000,0 1.000000000000000,13 0.000000000000000,
